0.6233	 -2.1205	 2.7877
0.6600	 3.9076	 1.6831
1.3003	 1.4536	 1.2873
1.1978	 1.7928	 2.8262
1.2620	 0.7415	 2.5860
0.8828	 0.7405	 2.5645
1.1278	 0.3343	 2.5976
1.5783	 1.7395	 2.9262
0.9881	 4.9614	 2.6666
0.8379	 -0.4957	 1.5936
1.0576	 1.8594	 2.6816
0.4436	 3.6778	 1.5637
0.9976	 1.7764	 3.0677
0.0299	 3.0440	 1.4631
1.2850	 0.6150	 2.3122
0.7842	 6.7784	 2.7954
1.4105	 1.2760	 2.8007
1.1641	 1.1434	 0.6449
1.1392	 2.8089	 2.9211
0.7967	 4.7229	 1.6844
1.4789	 0.5844	 2.8485
1.2052	 -0.5137	 2.2514
0.5930	 1.6068	 2.9244
1.3206	 0.2466	 1.6785
1.0512	 1.3917	 1.8726
1.6282	 3.0165	 3.3581
1.2133	 2.1557	 3.8401
1.0620	 1.2762	 2.8218
0.8410	 3.9043	 2.5241
1.0342	 1.9581	 3.6300
0.6242	 1.3796	 2.7991
0.6870	 0.8910	 1.8467
1.1777	 1.3328	 1.9128
0.9687	 3.7129	 2.7989
0.9669	 3.0465	 2.4273
0.5906	 1.5475	 0.8391
1.3318	 1.7332	 1.8014
0.8895	 1.5872	 1.7300
0.3222	 1.5148	 2.5388
0.9488	 -0.6265	 1.9283
0.9577	 1.8500	 1.4813
0.9315	 2.3568	 3.3239
1.3503	 -1.2567	 1.1083
0.8566	 1.8224	 2.3687
0.3255	 1.4476	 2.4563
0.6030	 3.2720	 1.8114
1.2406	 2.2002	 3.3350
0.7356	 0.8691	 1.5720
0.5484	 1.6982	 2.1288
0.9221	 2.8778	 3.3237
-0.2357	 -1.2665	 1.2829
-0.1548	 -1.1346	 1.4390
-1.7819	 -1.7274	 2.0428
0.3635	 0.9558	 2.2396
-1.2707	 -1.1117	 1.6174
-0.1461	 -1.3391	 0.6635
-0.1293	 -0.6773	 0.6280
-0.4367	 1.0456	 -0.4707
-1.8447	 0.4263	 0.1295
-0.5329	 -0.7749	 1.0866
-1.0441	 0.8905	 1.6771
-1.3175	 -1.2706	 -0.5641
-0.8076	 -0.3363	 0.7439
0.0413	 -0.5291	 2.2016
-1.1263	 -1.1565	 -0.1163
-0.4313	 -0.4470	 1.6649
0.6769	 -0.2640	 0.3447
0.2791	 -0.9362	 0.7986
0.8531	 0.3804	 -0.1305
0.0928	 -1.9204	 -0.3101
-0.5164	 -0.0993	 1.1742
0.0530	 -0.6654	 -0.1696
-0.1899	 -1.0697	 1.1706
-0.1480	 0.4903	 1.5918
1.6513	 -0.0771	 1.6607
-1.5875	 -0.0204	 2.1195
-0.4232	 0.1307	 0.6624
0.5181	 -1.4212	 2.5369
0.9395	 -1.8234	 0.1712
2.3657	 -1.7674	 2.2341
0.6674	 -0.1511	 0.9607
-1.1202	 0.6372	 0.6438
-0.5923	 -1.7046	 0.9732
-0.6295	 -0.3310	 1.9850
0.3746	 0.2000	 0.3218
0.7642	 -2.7164	 -0.0078
-0.2760	 -0.6106	 2.9108
-1.5787	 -1.2676	 0.9364
-0.9157	 -0.2966	 -0.3534
-0.2264	 -0.8698	 0.8149
0.3439	 -0.2393	 1.4507
0.4246	 -1.2709	 1.1804
0.0223	 1.4533	 1.6935
0.3575	 -1.3671	 0.2226
-1.1400	 0.6479	 -0.7029
-0.8125	 -0.6267	 0.6245
0.5079	 -1.8743	 1.1376
1.4726	 -0.2205	 -0.2496
-0.1763	 -1.6145	 0.9239
-1.0907	 0.1518	 0.2981
0
0
0
0
0
0
0
0
0
0
0
0
0
0
0
0
0
0
0
0
0
0
0
0
0
0
0
0
0
0
0
0
0
0
0
0
0
0
0
0
0
0
0
0
0
0
0
0
0
0
1
1
1
1
1
1
1
1
1
1
1
1
1
1
1
1
1
1
1
1
1
1
1
1
1
1
1
1
1
1
1
1
1
1
1
1
1
1
1
1
1
1
1
1
1
1
1
1
1
1
